Solution Path
2.55881 1.79624 -0.648607 -2.68925 -0.190059 -0.903641 -1.0117 -0.730713 -0.04386 0.0663809 
2.55881 1.79624 -1.04131 -2.68925 -0.190059 -0.903641 -1.0117 -0.730713 -0.04386 0.0663809 
2.55881 1.79624 -1.04131 -2.51472 -0.190059 -0.903641 -1.0117 -0.730713 -0.04386 0.0663809 
2.55881 1.79624 -1.04131 -2.34018 -0.190059 -0.903641 -1.0117 -0.730713 -0.04386 0.0663809 
2.55881 1.79624 -1.04131 -2.16565 -0.190059 -0.903641 -1.0117 -0.730713 -0.04386 0.0663809 
2.55881 1.79624 -1.04131 -1.99112 -0.190059 -0.903641 -1.0117 -0.730713 -0.04386 0.0663809 
2.55881 1.79624 -1.04131 -1.81658 -0.190059 -0.903641 -1.0117 -0.730713 -0.04386 0.0663809 
2.55881 1.79624 -1.04131 -1.64205 -0.190059 -0.903641 -1.0117 -0.730713 -0.04386 0.0663809 
2.55881 1.79624 -1.04131 -1.64205 -0.190059 -0.903641 -0.668008 -0.730713 -0.04386 0.0663809 
2.55881 1.79624 -1.04131 -1.46752 -0.190059 -0.903641 -0.668008 -0.730713 -0.04386 0.0663809 
2.55881 1.79624 -1.04131 -1.46752 -0.190059 -0.554568 -0.668008 -0.730713 -0.04386 0.0663809 
2.55881 1.79624 -1.04131 -1.29298 -0.190059 -0.554568 -0.668008 -0.730713 -0.04386 0.0663809 
2.55881 1.79624 -1.04131 -1.11845 -0.190059 -0.554568 -0.668008 -0.730713 -0.04386 0.0663809 
2.55881 1.79624 -1.04131 -1.11845 -0.190059 -0.554568 -0.668008 -0.381646 -0.04386 0.0663809 
2.55881 1.79624 -1.04131 -0.943917 -0.190059 -0.554568 -0.668008 -0.381646 -0.04386 0.0663809 
2.55881 1.79624 -1.04131 -0.943917 -0.190059 -0.554568 -0.324315 -0.381646 -0.04386 0.0663809 
2.55881 1.79624 -1.04131 -0.769383 -0.190059 -0.554568 -0.324315 -0.381646 -0.04386 0.0663809 
2.55881 1.79624 -1.04131 -0.769383 -0.190059 -0.205496 -0.324315 -0.381646 -0.04386 0.0663809 
2.55881 1.79624 -1.04131 -0.59485 -0.190059 -0.205496 -0.324315 -0.381646 -0.04386 0.0663809 
2.55881 1.79624 -1.04131 -0.420317 -0.190059 -0.205496 -0.324315 -0.381646 -0.04386 0.0663809 
2.55881 1.79624 -1.04131 -0.420317 -0.190059 -0.205496 -0.324315 -0.0325797 -0.04386 0.0663809 
2.55881 1.79624 -1.04131 -0.245783 -0.190059 -0.205496 -0.324315 -0.0325797 -0.04386 0.0663809 
2.55881 1.79624 -0.255908 -0.245783 -0.190059 -0.205496 -0.324315 -0.0325797 -0.04386 0.0663809 
2.55881 1.79624 0.52949 -0.245783 -0.190059 -0.205496 -0.324315 -0.0325797 -0.04386 0.0663809 
2.68085 1.86766 0.52949 -0.245783 -0.190059 -0.205496 -0.324315 -0.0325797 -0.04386 0.0663809 
2.80288 1.93908 0.52949 -0.245783 -0.190059 -0.205496 -0.324315 -0.0325797 -0.04386 0.0663809 
2.92492 2.0105 0.52949 -0.245783 -0.190059 -0.205496 -0.324315 -0.0325797 -0.04386 0.0663809 
3.04696 2.08192 0.52949 -0.245783 -0.190059 -0.205496 -0.324315 -0.0325797 -0.04386 0.0663809 
3.169 2.15334 0.52949 -0.245783 -0.190059 -0.205496 -0.324315 -0.0325797 -0.04386 0.0663809 
3.29103 2.22476 0.52949 -0.245783 -0.190059 -0.205496 -0.324315 -0.0325797 -0.04386 0.0663809 
3.41307 2.29618 0.52949 -0.245783 -0.190059 -0.205496 -0.324315 -0.0325797 -0.04386 0.0663809 
3.53511 2.3676 0.52949 -0.245783 -0.190059 -0.205496 -0.324315 -0.0325797 -0.04386 0.0663809 
3.65715 2.43902 0.52949 -0.245783 -0.190059 -0.205496 -0.324315 -0.0325797 -0.04386 0.0663809 
3.77918 2.51044 0.52949 -0.245783 -0.190059 -0.205496 -0.324315 -0.0325797 -0.04386 0.0663809 
3.90122 2.58186 0.52949 -0.245783 -0.190059 -0.205496 -0.324315 -0.0325797 -0.04386 0.0663809 
3.90122 2.58186 -0.255908 -0.245783 -0.190059 -0.205496 -0.324315 -0.0325797 -0.04386 0.0663809 
4.03802 2.54607 -0.255908 -0.245783 -0.190059 -0.205496 -0.324315 -0.0325797 -0.04386 0.0663809 
4.03802 2.54607 0.52949 -0.245783 -0.190059 -0.205496 -0.324315 -0.0325797 -0.04386 0.0663809 
4.16005 2.61749 0.52949 -0.245783 -0.190059 -0.205496 -0.324315 -0.0325797 -0.04386 0.0663809 
4.16005 2.61749 6.02728 -0.245783 -0.190059 -0.205496 -0.324315 -0.0325797 -0.04386 0.0663809 
4.29685 2.5817 6.02728 -0.245783 -0.190059 -0.205496 -0.324315 -0.0325797 -0.04386 0.0663809 
4.43364 2.54591 6.02728 -0.245783 -0.190059 -0.205496 -0.324315 -0.0325797 -0.04386 0.0663809 
4.43364 2.54591 6.81268 -0.245783 -0.190059 -0.205496 -0.324315 -0.0325797 -0.04386 0.0663809 
4.55568 2.61733 6.81268 -0.245783 -0.190059 -0.205496 -0.324315 -0.0325797 -0.04386 0.0663809 
4.55568 2.61733 6.02728 -0.245783 -0.190059 -0.205496 -0.324315 -0.0325797 -0.04386 0.0663809 
4.69248 2.58154 6.02728 -0.245783 -0.190059 -0.205496 -0.324315 -0.0325797 -0.04386 0.0663809 
4.82927 2.54574 6.02728 -0.245783 -0.190059 -0.205496 -0.324315 -0.0325797 -0.04386 0.0663809 
4.82927 2.54574 6.81268 -0.245783 -0.190059 -0.205496 -0.324315 -0.0325797 -0.04386 0.0663809 
4.95131 2.61716 6.81268 -0.245783 -0.190059 -0.205496 -0.324315 -0.0325797 -0.04386 0.0663809 
4.95131 2.61716 12.3105 -0.245783 -0.190059 -0.205496 -0.324315 -0.0325797 -0.04386 0.0663809 
5.0881 2.58137 12.3105 -0.245783 -0.190059 -0.205496 -0.324315 -0.0325797 -0.04386 0.0663809 
5.0881 2.58137 12.3105 -0.07125 -0.190059 -0.205496 -0.324315 -0.0325797 -0.04386 0.0663809 
5.2249 2.54558 12.3105 -0.07125 -0.190059 -0.205496 -0.324315 -0.0325797 -0.04386 0.0663809 
5.2249 2.54558 13.0959 -0.07125 -0.190059 -0.205496 -0.324315 -0.0325797 -0.04386 0.0663809 
5.34694 2.617 13.0959 -0.07125 -0.190059 -0.205496 -0.324315 -0.0325797 -0.04386 0.0663809 
5.34694 2.617 13.0959 -0.07125 -0.190059 0.143577 -0.324315 -0.0325797 -0.04386 0.0663809 
5.34694 2.617 13.8813 -0.07125 -0.190059 0.143577 -0.324315 -0.0325797 -0.04386 0.0663809 
5.34694 2.617 14.6667 -0.07125 -0.190059 0.143577 -0.324315 -0.0325797 -0.04386 0.0663809 
5.34694 2.617 15.4521 -0.07125 -0.190059 0.143577 -0.324315 -0.0325797 -0.04386 0.0663809 
5.48373 2.58121 15.4521 -0.07125 -0.190059 0.143577 -0.324315 -0.0325797 -0.04386 0.0663809 
5.62053 2.54542 15.4521 -0.07125 -0.190059 0.143577 -0.324315 -0.0325797 -0.04386 0.0663809 
5.62053 2.54542 16.2375 -0.07125 -0.190059 0.143577 -0.324315 -0.0325797 -0.04386 0.0663809 
5.74256 2.61684 16.2375 -0.07125 -0.190059 0.143577 -0.324315 -0.0325797 -0.04386 0.0663809 
5.74256 2.61684 17.0229 -0.07125 -0.190059 0.143577 -0.324315 -0.0325797 -0.04386 0.0663809 
5.74256 2.61684 17.8082 -0.07125 -0.190059 0.143577 -0.324315 -0.0325797 -0.04386 0.0663809 
5.74256 2.61684 18.5936 -0.07125 -0.190059 0.143577 -0.324315 -0.0325797 -0.04386 0.0663809 
5.87936 2.58105 18.5936 -0.07125 -0.190059 0.143577 -0.324315 -0.0325797 -0.04386 0.0663809 
6.01615 2.54525 18.5936 -0.07125 -0.190059 0.143577 -0.324315 -0.0325797 -0.04386 0.0663809 
6.01615 2.54525 19.379 -0.07125 -0.190059 0.143577 -0.324315 -0.0325797 -0.04386 0.0663809 
6.13819 2.61667 19.379 -0.07125 -0.190059 0.143577 -0.324315 -0.0325797 -0.04386 0.0663809 
6.13819 2.61667 20.1644 -0.07125 -0.190059 0.143577 -0.324315 -0.0325797 -0.04386 0.0663809 
6.13819 2.61667 20.9498 -0.07125 -0.190059 0.143577 -0.324315 -0.0325797 -0.04386 0.0663809 
6.13819 2.61667 21.7352 -0.07125 -0.190059 0.143577 -0.324315 -0.0325797 -0.04386 0.0663809 
6.27499 2.58088 21.7352 -0.07125 -0.190059 0.143577 -0.324315 -0.0325797 -0.04386 0.0663809 
6.41178 2.54509 21.7352 -0.07125 -0.190059 0.143577 -0.324315 -0.0325797 -0.04386 0.0663809 
6.41178 2.54509 22.5206 -0.07125 -0.190059 0.143577 -0.324315 -0.0325797 -0.04386 0.0663809 
6.53382 2.61651 22.5206 -0.07125 -0.190059 0.143577 -0.324315 -0.0325797 -0.04386 0.0663809 
6.53382 2.61651 21.7352 -0.07125 -0.190059 0.143577 -0.324315 -0.0325797 -0.04386 0.0663809 
6.67061 2.58072 21.7352 -0.07125 -0.190059 0.143577 -0.324315 -0.0325797 -0.04386 0.0663809 
6.80741 2.54493 21.7352 -0.07125 -0.190059 0.143577 -0.324315 -0.0325797 -0.04386 0.0663809 
6.80741 2.54493 22.5206 -0.07125 -0.190059 0.143577 -0.324315 -0.0325797 -0.04386 0.0663809 
6.92945 2.61635 22.5206 -0.07125 -0.190059 0.143577 -0.324315 -0.0325797 -0.04386 0.0663809 
6.92945 2.61635 28.0184 -0.07125 -0.190059 0.143577 -0.324315 -0.0325797 -0.04386 0.0663809 
7.06624 2.58056 28.0184 -0.07125 -0.190059 0.143577 -0.324315 -0.0325797 -0.04386 0.0663809 
7.20304 2.54476 28.0184 -0.07125 -0.190059 0.143577 -0.324315 -0.0325797 -0.04386 0.0663809 
7.20304 2.54476 28.8038 -0.07125 -0.190059 0.143577 -0.324315 -0.0325797 -0.04386 0.0663809 
7.32507 2.61619 28.8038 -0.07125 -0.190059 0.143577 -0.324315 -0.0325797 -0.04386 0.0663809 
7.32507 2.61619 28.0184 -0.07125 -0.190059 0.143577 -0.324315 -0.0325797 -0.04386 0.0663809 
7.46187 2.58039 28.0184 -0.07125 -0.190059 0.143577 -0.324315 -0.0325797 -0.04386 0.0663809 
7.59866 2.5446 28.0184 -0.07125 -0.190059 0.143577 -0.324315 -0.0325797 -0.04386 0.0663809 
7.73546 2.50881 28.0184 -0.07125 -0.190059 0.143577 -0.324315 -0.0325797 -0.04386 0.0663809 
7.87226 2.47302 28.0184 -0.07125 -0.190059 0.143577 -0.324315 -0.0325797 -0.04386 0.0663809 
7.87226 2.47302 28.8038 -0.07125 -0.190059 0.143577 -0.324315 -0.0325797 -0.04386 0.0663809 
7.99429 2.54444 28.8038 -0.07125 -0.190059 0.143577 -0.324315 -0.0325797 -0.04386 0.0663809 
8.11633 2.61586 28.8038 -0.07125 -0.190059 0.143577 -0.324315 -0.0325797 -0.04386 0.0663809 
8.11633 2.61586 34.3016 -0.07125 -0.190059 0.143577 -0.324315 -0.0325797 -0.04386 0.0663809 
8.25312 2.58007 34.3016 -0.07125 -0.190059 0.143577 -0.324315 -0.0325797 -0.04386 0.0663809 
8.38992 2.54428 34.3016 -0.07125 -0.190059 0.143577 -0.324315 -0.0325797 -0.04386 0.0663809 
8.52672 2.50848 34.3016 -0.07125 -0.190059 0.143577 -0.324315 -0.0325797 -0.04386 0.0663809 
8.66351 2.47269 34.3016 -0.07125 -0.190059 0.143577 -0.324315 -0.0325797 -0.04386 0.0663809 
8.66351 2.47269 35.087 -0.07125 -0.190059 0.143577 -0.324315 -0.0325797 -0.04386 0.0663809 
8.78555 2.54411 35.087 -0.07125 -0.190059 0.143577 -0.324315 -0.0325797 -0.04386 0.0663809 
8.90758 2.61553 35.087 -0.07125 -0.190059 0.143577 -0.324315 -0.0325797 -0.04386 0.0663809 
8.90758 2.61553 40.5848 -0.07125 -0.190059 0.143577 -0.324315 -0.0325797 -0.04386 0.0663809 
9.04438 2.57974 40.5848 -0.07125 -0.190059 0.143577 -0.324315 -0.0325797 -0.04386 0.0663809 
9.18118 2.54395 40.5848 -0.07125 -0.190059 0.143577 -0.324315 -0.0325797 -0.04386 0.0663809 
9.18118 2.54395 41.3702 -0.07125 -0.190059 0.143577 -0.324315 -0.0325797 -0.04386 0.0663809 
9.30321 2.61537 41.3702 -0.07125 -0.190059 0.143577 -0.324315 -0.0325797 -0.04386 0.0663809 
9.30321 2.61537 42.1556 -0.07125 -0.190059 0.143577 -0.324315 -0.0325797 -0.04386 0.0663809 
9.30321 2.61537 42.941 -0.07125 -0.190059 0.143577 -0.324315 -0.0325797 -0.04386 0.0663809 
9.30321 2.61537 43.7264 -0.07125 -0.190059 0.143577 -0.324315 -0.0325797 -0.04386 0.0663809 
9.44001 2.57958 43.7264 -0.07125 -0.190059 0.143577 -0.324315 -0.0325797 -0.04386 0.0663809 
9.5768 2.54379 43.7264 -0.07125 -0.190059 0.143577 -0.324315 -0.0325797 -0.04386 0.0663809 
9.7136 2.50799 43.7264 -0.07125 -0.190059 0.143577 -0.324315 -0.0325797 -0.04386 0.0663809 
9.85039 2.4722 43.7264 -0.07125 -0.190059 0.143577 -0.324315 -0.0325797 -0.04386 0.0663809 
9.85039 2.4722 43.7264 0.103283 -0.190059 0.143577 -0.324315 -0.0325797 -0.04386 0.0663809 
9.98719 2.43641 43.7264 0.103283 -0.190059 0.143577 -0.324315 -0.0325797 -0.04386 0.0663809 
9.98719 2.43641 42.941 0.103283 -0.190059 0.143577 -0.324315 -0.0325797 -0.04386 0.0663809 
9.98719 2.43641 42.1556 0.103283 -0.190059 0.143577 -0.324315 -0.0325797 -0.04386 0.0663809 
9.98719 2.43641 41.3702 0.103283 -0.190059 0.143577 -0.324315 -0.0325797 -0.04386 0.0663809 
9.98719 2.43641 41.3702 -0.07125 -0.190059 0.143577 -0.324315 -0.0325797 -0.04386 0.0663809 
10.1092 2.50783 41.3702 -0.07125 -0.190059 0.143577 -0.324315 -0.0325797 -0.04386 0.0663809 
10.1092 2.50783 42.1556 -0.07125 -0.190059 0.143577 -0.324315 -0.0325797 -0.04386 0.0663809 
10.1092 2.50783 42.941 -0.07125 -0.190059 0.143577 -0.324315 -0.0325797 -0.04386 0.0663809 
10.1092 2.50783 42.941 -0.07125 -0.190059 0.143577 -0.324315 -0.0325797 0.30694 0.0663809 
10.1806 2.38579 42.941 -0.07125 -0.190059 0.143577 -0.324315 -0.0325797 0.30694 0.0663809 
10.1806 2.38579 42.1556 -0.07125 -0.190059 0.143577 -0.324315 -0.0325797 0.30694 0.0663809 
10.1806 2.38579 41.3702 -0.07125 -0.190059 0.143577 -0.324315 -0.0325797 0.30694 0.0663809 
10.3027 2.45721 41.3702 -0.07125 -0.190059 0.143577 -0.324315 -0.0325797 0.30694 0.0663809 
10.4247 2.52863 41.3702 -0.07125 -0.190059 0.143577 -0.324315 -0.0325797 0.30694 0.0663809 
10.5468 2.60005 41.3702 -0.07125 -0.190059 0.143577 -0.324315 -0.0325797 0.30694 0.0663809 
10.6688 2.67147 41.3702 -0.07125 -0.190059 0.143577 -0.324315 -0.0325797 0.30694 0.0663809 
10.7908 2.74289 41.3702 -0.07125 -0.190059 0.143577 -0.324315 -0.0325797 0.30694 0.0663809 
10.9129 2.81431 41.3702 -0.07125 -0.190059 0.143577 -0.324315 -0.0325797 0.30694 0.0663809 
11.0349 2.88573 41.3702 -0.07125 -0.190059 0.143577 -0.324315 -0.0325797 0.30694 0.0663809 
11.1569 2.95716 41.3702 -0.07125 -0.190059 0.143577 -0.324315 -0.0325797 0.30694 0.0663809 
11.279 3.02858 41.3702 -0.07125 -0.190059 0.143577 -0.324315 -0.0325797 0.30694 0.0663809 
11.401 3.1 41.3702 -0.07125 -0.190059 0.143577 -0.324315 -0.0325797 0.30694 0.0663809 
11.401 3.1 42.1556 -0.07125 -0.190059 0.143577 -0.324315 -0.0325797 0.30694 0.0663809 
11.4368 3.23679 42.1556 -0.07125 -0.190059 0.143577 -0.324315 -0.0325797 0.30694 0.0663809 
11.4726 3.37359 42.1556 -0.07125 -0.190059 0.143577 -0.324315 -0.0325797 0.30694 0.0663809 
11.5084 3.51038 42.1556 -0.07125 -0.190059 0.143577 -0.324315 -0.0325797 0.30694 0.0663809 
11.5442 3.64718 42.1556 -0.07125 -0.190059 0.143577 -0.324315 -0.0325797 0.30694 0.0663809 
11.58 3.78397 42.1556 -0.07125 -0.190059 0.143577 -0.324315 -0.0325797 0.30694 0.0663809 
11.58 3.78397 42.941 -0.07125 -0.190059 0.143577 -0.324315 -0.0325797 0.30694 0.0663809 
11.58 3.78397 43.7264 -0.07125 -0.190059 0.143577 -0.324315 -0.0325797 0.30694 0.0663809 
11.58 3.78397 44.5118 -0.07125 -0.190059 0.143577 -0.324315 -0.0325797 0.30694 0.0663809 
11.702 3.85539 44.5118 -0.07125 -0.190059 0.143577 -0.324315 -0.0325797 0.30694 0.0663809 
11.702 3.85539 45.2972 -0.07125 -0.190059 0.143577 -0.324315 -0.0325797 0.30694 0.0663809 
11.702 3.85539 46.0826 -0.07125 -0.190059 0.143577 -0.324315 -0.0325797 0.30694 0.0663809 
11.7734 3.73335 46.0826 -0.07125 -0.190059 0.143577 -0.324315 -0.0325797 0.30694 0.0663809 
11.7734 3.73335 45.2972 -0.07125 -0.190059 0.143577 -0.324315 -0.0325797 0.30694 0.0663809 
11.8092 3.87015 45.2972 -0.07125 -0.190059 0.143577 -0.324315 -0.0325797 0.30694 0.0663809 
11.8092 3.87015 46.0826 -0.07125 -0.190059 0.143577 -0.324315 -0.0325797 0.30694 0.0663809 
11.8806 3.74811 46.0826 -0.07125 -0.190059 0.143577 -0.324315 -0.0325797 0.30694 0.0663809 
11.8806 3.74811 45.2972 -0.07125 -0.190059 0.143577 -0.324315 -0.0325797 0.30694 0.0663809 
11.8806 3.74811 44.5118 -0.07125 -0.190059 0.143577 -0.324315 -0.0325797 0.30694 0.0663809 
12.0027 3.81953 44.5118 -0.07125 -0.190059 0.143577 -0.324315 -0.0325797 0.30694 0.0663809 
12.0027 3.81953 45.2972 -0.07125 -0.190059 0.143577 -0.324315 -0.0325797 0.30694 0.0663809 
12.0027 3.81953 46.0826 -0.07125 -0.190059 0.143577 -0.324315 -0.0325797 0.30694 0.0663809 
12.0741 3.69749 46.0826 -0.07125 -0.190059 0.143577 -0.324315 -0.0325797 0.30694 0.0663809 
12.0741 3.69749 45.2972 -0.07125 -0.190059 0.143577 -0.324315 -0.0325797 0.30694 0.0663809 
12.1099 3.83429 45.2972 -0.07125 -0.190059 0.143577 -0.324315 -0.0325797 0.30694 0.0663809 
12.1099 3.83429 46.0826 -0.07125 -0.190059 0.143577 -0.324315 -0.0325797 0.30694 0.0663809 
12.1099 3.83429 46.868 -0.07125 -0.190059 0.143577 -0.324315 -0.0325797 0.30694 0.0663809 
12.2467 3.7985 46.868 -0.07125 -0.190059 0.143577 -0.324315 -0.0325797 0.30694 0.0663809 
12.3835 3.76271 46.868 -0.07125 -0.190059 0.143577 -0.324315 -0.0325797 0.30694 0.0663809 
12.5203 3.72691 46.868 -0.07125 -0.190059 0.143577 -0.324315 -0.0325797 0.30694 0.0663809 
12.5203 3.72691 47.6534 -0.07125 -0.190059 0.143577 -0.324315 -0.0325797 0.30694 0.0663809 
12.6423 3.79834 47.6534 -0.07125 -0.190059 0.143577 -0.324315 -0.0325797 0.30694 0.0663809 
12.6423 3.79834 48.4388 -0.07125 -0.190059 0.143577 -0.324315 -0.0325797 0.30694 0.0663809 
12.6423 3.79834 49.2242 -0.07125 -0.190059 0.143577 -0.324315 -0.0325797 0.30694 0.0663809 
12.6423 3.79834 50.0096 -0.07125 -0.190059 0.143577 -0.324315 -0.0325797 0.30694 0.0663809 
12.7791 3.76254 50.0096 -0.07125 -0.190059 0.143577 -0.324315 -0.0325797 0.30694 0.0663809 
12.9159 3.72675 50.0096 -0.07125 -0.190059 0.143577 -0.324315 -0.0325797 0.30694 0.0663809 
13.0527 3.69096 50.0096 -0.07125 -0.190059 0.143577 -0.324315 -0.0325797 0.30694 0.0663809 
13.0527 3.69096 50.795 -0.07125 -0.190059 0.143577 -0.324315 -0.0325797 0.30694 0.0663809 
13.1747 3.76238 50.795 -0.07125 -0.190059 0.143577 -0.324315 -0.0325797 0.30694 0.0663809 
13.2968 3.8338 50.795 -0.07125 -0.190059 0.143577 -0.324315 -0.0325797 0.30694 0.0663809 
13.2968 3.8338 51.5804 -0.07125 -0.190059 0.143577 -0.324315 -0.0325797 0.30694 0.0663809 
13.3326 3.9706 51.5804 -0.07125 -0.190059 0.143577 -0.324315 -0.0325797 0.30694 0.0663809 
13.3326 3.9706 52.3658 -0.07125 -0.190059 0.143577 -0.324315 -0.0325797 0.30694 0.0663809 
13.3326 3.9706 53.1512 -0.07125 -0.190059 0.143577 -0.324315 -0.0325797 0.30694 0.0663809 
13.4694 3.9348 53.1512 -0.07125 -0.190059 0.143577 -0.324315 -0.0325797 0.30694 0.0663809 
13.6062 3.89901 53.1512 -0.07125 -0.190059 0.143577 -0.324315 -0.0325797 0.30694 0.0663809 
13.743 3.86322 53.1512 -0.07125 -0.190059 0.143577 -0.324315 -0.0325797 0.30694 0.0663809 
13.743 3.86322 53.9366 -0.07125 -0.190059 0.143577 -0.324315 -0.0325797 0.30694 0.0663809 
13.865 3.93464 53.9366 -0.07125 -0.190059 0.143577 -0.324315 -0.0325797 0.30694 0.0663809 
13.987 4.00606 53.9366 -0.07125 -0.190059 0.143577 -0.324315 -0.0325797 0.30694 0.0663809 
14.1091 4.07748 53.9366 -0.07125 -0.190059 0.143577 -0.324315 -0.0325797 0.30694 0.0663809 
14.2311 4.1489 53.9366 -0.07125 -0.190059 0.143577 -0.324315 -0.0325797 0.30694 0.0663809 
14.3531 4.22032 53.9366 -0.07125 -0.190059 0.143577 -0.324315 -0.0325797 0.30694 0.0663809 
14.4752 4.29174 53.9366 -0.07125 -0.190059 0.143577 -0.324315 -0.0325797 0.30694 0.0663809 
14.5972 4.36316 53.9366 -0.07125 -0.190059 0.143577 -0.324315 -0.0325797 0.30694 0.0663809 
14.7193 4.43458 53.9366 -0.07125 -0.190059 0.143577 -0.324315 -0.0325797 0.30694 0.0663809 
14.8413 4.506 53.9366 -0.07125 -0.190059 0.143577 -0.324315 -0.0325797 0.30694 0.0663809 
14.9633 4.57742 53.9366 -0.07125 -0.190059 0.143577 -0.324315 -0.0325797 0.30694 0.0663809 
15.0854 4.64884 53.9366 -0.07125 -0.190059 0.143577 -0.324315 -0.0325797 0.30694 0.0663809 
15.2074 4.72026 53.9366 -0.07125 -0.190059 0.143577 -0.324315 -0.0325797 0.30694 0.0663809 
15.2074 4.72026 54.722 -0.07125 -0.190059 0.143577 -0.324315 -0.0325797 0.30694 0.0663809 
15.2074 4.72026 55.5074 -0.07125 -0.190059 0.143577 -0.324315 -0.0325797 0.30694 0.0663809 
15.2074 4.72026 56.2928 -0.07125 -0.190059 0.143577 -0.324315 -0.0325797 0.30694 0.0663809 
15.3442 4.68447 56.2928 -0.07125 -0.190059 0.143577 -0.324315 -0.0325797 0.30694 0.0663809 
15.3442 4.68447 57.0782 -0.07125 -0.190059 0.143577 -0.324315 -0.0325797 0.30694 0.0663809 
15.4662 4.75589 57.0782 -0.07125 -0.190059 0.143577 -0.324315 -0.0325797 0.30694 0.0663809 
15.5883 4.82731 57.0782 -0.07125 -0.190059 0.143577 -0.324315 -0.0325797 0.30694 0.0663809 
15.7103 4.89873 57.0782 -0.07125 -0.190059 0.143577 -0.324315 -0.0325797 0.30694 0.0663809 
15.8323 4.97015 57.0782 -0.07125 -0.190059 0.143577 -0.324315 -0.0325797 0.30694 0.0663809 
15.9544 5.04157 57.0782 -0.07125 -0.190059 0.143577 -0.324315 -0.0325797 0.30694 0.0663809 
16.0764 5.11299 57.0782 -0.07125 -0.190059 0.143577 -0.324315 -0.0325797 0.30694 0.0663809 
16.1985 5.18441 57.0782 -0.07125 -0.190059 0.143577 -0.324315 -0.0325797 0.30694 0.0663809 
16.3205 5.25583 57.0782 -0.07125 -0.190059 0.143577 -0.324315 -0.0325797 0.30694 0.0663809 
16.4425 5.32725 57.0782 -0.07125 -0.190059 0.143577 -0.324315 -0.0325797 0.30694 0.0663809 
16.5646 5.39867 57.0782 -0.07125 -0.190059 0.143577 -0.324315 -0.0325797 0.30694 0.0663809 
16.6866 5.47009 57.0782 -0.07125 -0.190059 0.143577 -0.324315 -0.0325797 0.30694 0.0663809 
16.8086 5.54151 57.0782 -0.07125 -0.190059 0.143577 -0.324315 -0.0325797 0.30694 0.0663809 
16.9307 5.61293 57.0782 -0.07125 -0.190059 0.143577 -0.324315 -0.0325797 0.30694 0.0663809 
17.0527 5.68435 57.0782 -0.07125 -0.190059 0.143577 -0.324315 -0.0325797 0.30694 0.0663809 
17.1748 5.75577 57.0782 -0.07125 -0.190059 0.143577 -0.324315 -0.0325797 0.30694 0.0663809 
17.2968 5.82719 57.0782 -0.07125 -0.190059 0.143577 -0.324315 -0.0325797 0.30694 0.0663809 
17.4188 5.89861 57.0782 -0.07125 -0.190059 0.143577 -0.324315 -0.0325797 0.30694 0.0663809 
17.5409 5.97004 57.0782 -0.07125 -0.190059 0.143577 -0.324315 -0.0325797 0.30694 0.0663809 
17.6629 6.04146 57.0782 -0.07125 -0.190059 0.143577 -0.324315 -0.0325797 0.30694 0.0663809 
17.7849 6.11288 57.0782 -0.07125 -0.190059 0.143577 -0.324315 -0.0325797 0.30694 0.0663809 
17.907 6.1843 57.0782 -0.07125 -0.190059 0.143577 -0.324315 -0.0325797 0.30694 0.0663809 
17.907 6.1843 57.8636 -0.07125 -0.190059 0.143577 -0.324315 -0.0325797 0.30694 0.0663809 
17.907 6.1843 57.8636 -0.07125 -0.543015 0.143577 -0.324315 -0.0325797 0.30694 0.0663809 
17.907 6.1843 57.8636 -0.07125 -0.89597 0.143577 -0.324315 -0.0325797 0.30694 0.0663809 
17.907 6.1843 57.8636 -0.07125 -1.24893 0.143577 -0.324315 -0.0325797 0.30694 0.0663809 
17.9249 6.25269 57.8636 -0.07125 -1.24893 0.143577 -0.324315 -0.0325797 0.30694 0.0663809 
17.9428 6.32109 57.8636 -0.07125 -1.24893 0.143577 -0.324315 -0.0325797 0.30694 0.0663809 
